tree
version=v3
num_class=1
num_tree_per_iteration=1
label_index=0
max_feature_idx=8
objective=binary sigmoid:1
feature_names=0 1 2 3 4 5 6 7 8
feature_infos=[-0.10722563160735379:0.11072667545381144] [-0.044641636506989144:0.050680118739818619] [-0.090275295898509453:0.17055522598064407] [-0.10207024961653671:0.12515791478951455] [-0.12678066991651324:0.13327442028349859] [-0.11561306597939897:0.13146107037254409] [-0.10230705051741597:0.18117906039727852] [-0.076394503750003298:0.14501222150545676] [-0.096434949940487125:0.13359728192191356]
tree_sizes=1388 1378 1278 1383 1387 1278 1503 1380 1485 1390

Tree=0
num_leaves=12
num_cat=0
split_feature=8 0 6 2 8 8 8 8 4 4 5
split_gain=35.61 11.1674 8.02685 8.08586 6.25299 5.56874 7.44312 5.34895 3.95842 2.08966 1.90675
threshold=1.0000000180025095e-35 -0.054553824067572199 0.017346178115409623 -0.0089004843205090813 -0.047620897964138549 0.06367149430089214 0.040107661554139362 -0.032616616068140508 -0.0050088419657140478 0.0018709223252915555 -0.016971300515695464
decision_type=2 2 2 2 2 2 2 2 2 2 2
left_child=1 -1 3 8 -3 6 9 -6 -2 -5 -9
right_child=2 4 -4 5 7 -7 -8 10 -10 -11 -12
leaf_value=-0.27678759960505855 -0.15381799464048695 -0.22448643817150402 -0.15928909994611407 -0.015520610526023548 -0.038052578028666628 0.10150025295544564 -0.11916766103818181 -0.11248075455352644 -0.032237876737661889 0.068065720532168764 -0.18043418261380811
leaf_weight=8.723515644669531 5.4833526909351349 7.9757857322692862 4.9848660826683036 5.9818392992019707 5.7325959950685528 5.2341093868017188 4.9848660826683036 7.4772991240024629 5.2341093868017179 5.9818392992019653 9.2220022529363614
leaf_count=35 22 32 20 24 23 21 20 30 21 24 37
internal_value=-0.110144 -0.17705 -0.0410364 -0.0231194 -0.148437 0.0113397 -0.016504 -0.121397 -0.0944417 0.0262726 -0.150007
internal_weight=0 39.1312 37.885 32.9001 30.4077 22.1827 16.9485 22.4319 10.7175 11.9637 16.6993
internal_count=309 157 152 132 122 89 68 90 43 48 67
is_linear=0
shrinkage=1


Tree=1
num_leaves=12
num_cat=0
split_feature=8 0 6 2 3 8 8 6 8 0 6
split_gain=28.9404 9.30111 6.491 6.52976 5.68327 4.51565 6.00143 3.79002 2.8336 2.37852 1.98304
threshold=1.0000000180025095e-35 -0.054553824067572199 0.017346178115409623 -0.0089004843205090813 0.027036661977810596 0.06367149430089214 0.040107661554139362 -0.037878388945894494 -0.047620897964138549 0.014464406501796789 -0.030515113337720612
decision_type=2 2 2 2 2 2 2 2 2 2 2
left_child=1 -1 3 7 8 6 10 -2 -3 -10 -5
right_child=2 4 -4 5 -6 -7 -8 -9 9 -11 -12
leaf_value=-0.15252383177407464 -0.049680455407815252 -0.10394377945883559 -0.044385041018539594 0.081790450841153856 0.060260000442773909 0.19034809146054588 -0.0081260978571694332 0.069554517308908867 -0.064239191394456316 0.010826737706384598 0.16311788768066812
leaf_weight=8.5845292359590513 4.9818052649497986 7.9000520706176784 4.9684172868728629 5.9971702247858056 5.2258099913597098 5.2365013808012 4.9822908639907828 5.7344264388084394 9.7013553082943016 7.4722012877464286 5.9955245107412383
leaf_count=35 20 32 20 24 21 21 20 23 39 30 24
internal_value=0 -0.0606396 0.0621592 0.0782355 -0.0346067 0.109167 0.0841239 0.0141241 -0.0543786 -0.0315781 0.122449
internal_weight=0 38.8839 37.8961 32.9277 30.2994 22.2115 16.975 10.7162 25.0736 17.1736 11.9927
internal_count=309 157 152 132 122 89 68 43 101 69 48
is_linear=0
shrinkage=0.1


Tree=2
num_leaves=11
num_cat=0
split_feature=8 0 2 3 3 3 8 0 0 7
split_gain=23.6523 7.89761 5.88557 4.62494 4.36794 2.472 2.3646 2.26012 1.94059 1.88076
threshold=1.0000000180025095e-35 -0.054553824067572199 0.069779797072789265 0.027036661977810596 0.020150960026112073 0.051136618808755432 -0.047620897964138549 -0.025493516459416835 0.014464406501796789 0.0070020294295533173
decision_type=2 2 2 2 2 2 2 2 2 2
left_child=1 -1 4 6 7 -6 -3 -2 -8 -9
right_child=2 3 -4 -5 5 -7 8 9 -10 -11
leaf_value=-0.1411691096869073 -0.052045191379235183 -0.094964574970051022 0.15240937271214042 0.054072085335645871 0.11969047274584871 0.040041053865566396 -0.058132038393976619 -0.014358056982301297 0.0097383575598410082 0.066147607228332836
leaf_weight=8.3588945865631086 4.9775916934013358 7.7880868911743191 5.4469024240970603 5.2405493408441535 7.4441764503717414 8.1764645874500257 9.6510898470878654 5.4570592194795626 7.4763407260179511 6.1975512057542801
leaf_count=35 20 32 22 21 30 33 39 22 30 25
internal_value=0 -0.0551597 0.0562627 -0.0313189 0.0400254 0.0779988 -0.0492794 0.00436146 -0.0285057 0.0284523
internal_weight=0 38.515 37.6997 30.1561 32.2528 15.6206 24.9155 16.6322 17.1274 11.6546
internal_count=309 157 152 122 130 63 101 67 69 47
is_linear=0
shrinkage=0.1


Tree=3
num_leaves=12
num_cat=0
split_feature=7 3 2 8 1 0 2 0 6 3 5
split_gain=20.1827 9.30966 8.03761 7.10669 6.06904 3.66644 3.57014 3.14721 2.85741 2.28821 1.6458
threshold=-0.0022232507894241857 0.029911442542644735 -0.0024336118772242885 0.0078338705135675545 -1.0000000180025095e-35 -0.054553824067572199 -0.021834229207078684 0.039892175658932737 0.065207469568539872 0.020150960026112073 -0.019946210902696038
decision_type=2 2 2 2 2 2 2 2 2 2 2
left_child=1 3 6 5 -3 -1 -2 8 10 -4 -7
right_child=2 4 9 -5 -6 7 -8 -9 -10 -11 -12
leaf_value=-0.13468050859010192 0.06380315617423972 -0.030411087103696791 0.078869042773259013 0.029766241417042785 0.12044623847308329 -0.02220296188023934 -0.056133857860199934 -0.12755281934727161 0.026252193301069746 0.15720694676233662 -0.091797300051227756
leaf_weight=8.5697946995496697 4.9729879945516586 5.2156302034854889 7.099212244153021 7.4442027211189261 5.4569385051727277 5.8575120270252219 4.9545191526412982 5.1763893961906424 4.8910270929336539 7.8534564673900604 8.0928340107202619
leaf_count=37 20 21 29 30 22 24 20 21 20 32 33
internal_value=0 -0.0362644 0.0737013 -0.058389 0.046723 -0.078527 0.00394621 -0.0584908 -0.039517 0.120014 -0.0625758
internal_weight=0 50.7043 24.8802 40.0318 10.6726 32.5876 9.92751 24.0178 18.8414 14.9527 13.9503
internal_count=309 208 101 165 43 135 40 98 77 61 57
is_linear=0
shrinkage=0.1


Tree=4
num_leaves=12
num_cat=0
split_feature=7 3 2 8 1 0 2 2 3 7 0
split_gain=16.5467 7.65014 6.67795 5.88793 4.96363 3.29203 2.89443 2.656 3.17611 2.03842 1.20816
threshold=-0.0022232507894241857 0.029911442542644735 -0.0024336118772242885 0.0078338705135675545 -1.0000000180025095e-35 -0.054553824067572199 -0.021834229207078684 -0.038001410315290675 -0.038377506563325364 0.036707431734660886 0.018096944952816212
decision_type=2 2 2 2 2 2 2 2 2 2 2
left_child=1 3 6 5 -3 -1 -2 -7 -9 -4 -10
right_child=2 4 9 -5 -6 7 -8 8 10 -11 -12
leaf_value=-0.12644490502338832 0.057417299535260195 -0.027369851739510051 0.14863558932140372 0.026783488150341563 0.10933172532625819 -0.0081965412206418554 -0.050627523671711916 -0.011202975072470304 -0.074048735735412471 0.074173610095260342 -0.141995468724645
leaf_weight=8.2326298654079384 4.9733553230762482 5.2156324088573456 7.0285837650299055 7.445788547396659 5.4126067608594877 8.4844947159290278 4.9445269405841845 4.8708730936050371 5.0960181057453262 7.7084784656763077 5.3792126327753067
leaf_count=37 20 21 29 30 22 35 20 20 21 32 22
internal_value=0 -0.0330656 0.0669923 -0.0533255 0.0422477 -0.0719286 0.00355192 -0.0530952 -0.0779185 0.109687 -0.108941
internal_weight=0 50.1373 24.6549 39.509 10.6282 32.0632 9.91788 23.8306 15.3461 14.7371 10.4752
internal_count=309 208 101 165 43 135 40 98 63 61 43
is_linear=0
shrinkage=0.1


Tree=5
num_leaves=11
num_cat=0
split_feature=3 8 0 4 5 8 6 8 8 0
split_gain=13.9055 9.3645 4.4665 3.13262 4.10929 2.82343 2.79092 2.10929 1.54538 1.80387
threshold=0.029911442542644735 0.0078338705135675545 -0.054553824067572199 0.050717248791431357 0.010429189890888842 0.037815087497733831 -0.030515113337720612 -0.047620897964138549 -0.011400050993453051 0.014464406501796789
decision_type=2 2 2 2 2 2 2 2 2 2
left_child=1 2 -1 4 -2 6 -3 -4 9 -9
right_child=3 5 7 -5 -6 -7 -8 8 -10 -11
leaf_value=-0.12144905880364365 0.052415212963962225 0.0062307116781620542 -0.082205524028912305 0.0015444758745131017 0.15981071413766457 -0.01775662630908776 0.10666463918329153 -0.035172388592781462 -0.060883321211704325 0.037619592634702811
leaf_weight=8.1193887144327146 9.1953756511211413 4.9107373803853998 7.5206910669803611 4.8446289002895346 5.8164748996496192 7.0900711864233008 6.3376940488815316 7.2877736538648623 6.3442101031541851 6.3888146579265594
leaf_count=38 38 20 32 20 24 29 26 30 26 26
internal_value=0 -0.0264052 -0.0562682 0.0714626 0.0940266 0.0316661 0.0628181 -0.0370526 -0.0200911 -0.0011687
internal_weight=0 53.9994 35.6609 19.8565 15.0119 18.3385 11.2484 27.5415 20.0208 13.6766
internal_count=309 227 152 82 62 75 46 114 82 56
is_linear=0
shrinkage=0.1


Tree=6
num_leaves=13
num_cat=0
split_feature=7 8 2 1 3 0 5 2 3 2 3 2
split_gain=12.4261 5.47501 5.40667 5.23947 4.21374 3.63044 2.27223 2.22084 1.77979 1.15561 0.755348 0.506692
threshold=-0.0022232507894241857 -0.047620897964138549 -0.0024336118772242885 -1.0000000180025095e-35 0.036797144494343258 0.014464406501796789 -0.0019401743497977862 -0.021834229207078684 0.020150960026112073 -0.045546094832456259 -0.02575945773683783 1.0000000180025095e-35
decision_type=2 2 2 2 2 2 2 2 2 2 2 2
left_child=1 9 7 5 -5 6 10 -2 -4 -1 -3 -7
right_child=2 3 8 4 -6 11 -8 -9 -10 -11 -12 -13
leaf_value=-0.060001516425551051 0.048982205808628825 -0.12382835145457392 0.061347554878655709 -0.0043013980019684997 0.10915589348833965 0.029282794141406644 -0.015843878178878685 -0.045960541330109753 0.13196196053243775 -0.13012658756738474 -0.069062016675366086 -0.016039592678734376
leaf_weight=4.3942158967256546 4.9349822252988815 5.4349100738763765 6.9033818244934064 9.3817067146301287 5.0276581943035117 4.9543219953775388 4.9607238620519665 4.9199537634849566 7.3904024958610535 5.0514176785945875 4.6929289996623984 4.912704274058342
leaf_count=20 20 24 29 39 21 20 21 20 32 23 20 20
internal_value=0 -0.0291321 0.0585687 -0.0127264 0.0352857 -0.0404486 -0.0712922 0.00158322 0.0978578 -0.0975036 -0.0984513 0.00671718
internal_weight=0 48.8106 24.1487 39.365 14.4094 24.9556 15.0886 9.85494 14.2938 9.44563 10.1278 9.86703
internal_count=309 208 101 165 60 105 65 40 61 43 44 40
is_linear=0
shrinkage=0.1


Tree=7
num_leaves=12
num_cat=0
split_feature=0 7 4 3 2 3 2 0 6 7 3
split_gain=10.2958 8.78731 3.66685 5.72762 3.7445 6.2897 3.56369 1.50938 1.33956 1.21882 1.21031
threshold=-0.058186362518591619 -0.0022232507894241857 0.037645696638520708 -0.042973712616084132 0.041217777114948083 0.036797144494343258 -0.0024336118772242885 0.021729483403835632 0.0063012647031487979 0.036707431734660886 -0.021163251684079062
decision_type=2 2 2 2 2 2 2 2 2 2 2
left_child=8 2 3 -2 5 7 -3 10 -1 -8 -5
right_child=1 6 -4 4 -6 -7 9 -9 -10 -11 -12
leaf_value=-0.063047314220644815 -0.085085121088308124 0.015003300640480235 -0.095654991492306177 -0.011978082887239248 -0.059885438987213192 0.13286046798967729 0.12692685261064154 -0.031315898283703035 -0.1419387444692646 0.06720386179608287 0.053668754022274584
leaf_weight=4.2821357995271665 6.8623556494712785 9.0951001793146151 4.8527636975049964 4.5945216864347485 5.2366140484809867 5.0223650336265555 6.5464219152927381 6.6814440041780463 4.32729572057724 7.1483726352453232 7.2245969474315741
leaf_count=20 29 37 20 20 22 21 29 28 22 31 30
internal_value=0 0.0138599 -0.0141059 -0.00299651 0.0165908 0.0336157 0.0635269 0.00667364 -0.1027 0.0957528 0.0281494
internal_weight=0 63.2646 40.4747 35.6219 28.7595 23.5229 22.7899 18.5006 8.60943 13.6948 11.8191
internal_count=309 267 170 150 121 99 97 78 42 60 50
is_linear=0
shrinkage=0.1


Tree=8
num_leaves=13
num_cat=0
split_feature=0 7 8 4 3 2 3 7 2 8 3 6
split_gain=8.71727 7.25402 3.58817 3.02385 4.71955 3.04444 5.29356 2.3576 2.31729 1.48489 2.81605 1.2819
threshold=-0.058186362518591619 -0.0022232507894241857 0.06146096066797626 0.037645696638520708 -0.042973712616084132 0.041217777114948083 0.036797144494343258 0.036707431734660886 -0.0024336118772242885 -0.027726095267895674 -0.0073918477806820199 0.0063012647031487979
decision_type=2 2 2 2 2 2 2 2 2 2 2 2
left_child=11 3 7 4 -2 6 9 8 -3 -6 -11 -1
right_child=1 2 -4 -5 5 -7 -8 -9 -10 10 -12 -13
leaf_value=-0.057969498455569674 -0.077939361771502028 0.018960501163699302 0.13432938356737917 -0.087436101756088153 -0.026209730312929391 -0.053905010797828383 0.1229867224655304 -0.0057580618155105906 0.11450792877494338 0.08713265598479164 -0.01710663475348068 -0.1368154034642734
leaf_weight=4.1961372345685941 6.748403742909427 4.9017191678285634 4.8522954732179633 4.7817309796810141 8.0709282010793704 5.2357962280511847 4.889845296740531 7.3997492194175711 5.2643910199403781 4.8055547177791613 5.6255489587783885 4.0544494092464447
leaf_count=20 29 20 22 20 35 22 21 31 24 20 23 22
internal_value=0 0.0126405 0.0582096 -0.0127986 -0.00270992 0.0150239 0.0304523 0.0371827 0.0684385 0.00599662 0.0309159 -0.0967154
internal_weight=0 62.576 22.4182 40.1578 35.3761 28.6277 23.3919 17.5659 10.1661 18.502 10.4311 8.25059
internal_count=309 267 97 170 150 121 99 75 44 78 43 42
is_linear=0
shrinkage=0.1


Tree=9
num_leaves=12
num_cat=0
split_feature=0 8 2 8 8 1 0 0 3 3 6
split_gain=7.39636 6.37024 4.55227 4.27165 2.67187 2.8625 4.37845 2.39337 2.19842 2.40019 1.35571
threshold=-0.058186362518591619 0.066684200963484722 0.072474327257491297 -0.047620897964138549 -0.032616616068140508 1.0000000180025095e-35 0.014464406501796789 -0.018228439557377994 -0.016567045631320297 0.036797144494343258 -1.0000000180025095e-35
decision_type=2 2 2 2 2 2 2 2 2 2 2
left_child=10 2 3 -2 -5 6 7 -6 -7 -10 -1
right_child=1 -3 -4 4 5 8 -8 -9 9 -11 -12
leaf_value=-0.049588142857519966 -0.078216871473087757 0.12027782193371939 0.099083718032324408 0.070466823156799183 -0.017548713948524333 0.07833665125932987 0.021456062059009389 -0.10992035535163486 -0.035305302773043175 0.049218414095289542 -0.13246476912000335
leaf_weight=3.9287911653518677 7.1136383712291709 4.9572925120592108 4.4580295681953421 5.5003193765878668 4.8647261857986406 5.3767834305763271 9.3112931102514249 6.6249532401561799 7.4559118002653104 6.1150284558534622 3.9666022956371298
leaf_count=19 33 23 20 23 21 22 39 28 31 27 23
internal_value=0 0.0115622 0.00207735 -0.00618154 0.0051432 -0.00389611 -0.0295084 -0.0708102 0.0242213 0.00278085 -0.0912249
internal_weight=0 61.778 56.8207 52.3627 45.249 39.7487 20.801 11.4897 18.9477 13.5709 7.89539
internal_count=309 267 244 224 191 168 88 49 80 58 42
is_linear=0
shrinkage=0.1


end of trees

feature_importances:
8=23
3=20
0=19
2=17
6=9
7=9
4=5
1=4
5=4

parameters:
[boosting: gbdt]
[objective: binary]
[metric: auc]
[tree_learner: serial]
[device_type: cpu]
[data: ]
[valid: ]
[num_iterations: 10]
[learning_rate: 0.1]
[num_leaves: 31]
[num_threads: 0]
[deterministic: 0]
[force_col_wise: 0]
[force_row_wise: 0]
[histogram_pool_size: -1]
[max_depth: -1]
[min_data_in_leaf: 20]
[min_sum_hessian_in_leaf: 0.001]
[bagging_fraction: 1]
[pos_bagging_fraction: 1]
[neg_bagging_fraction: 1]
[bagging_freq: 0]
[bagging_seed: 3]
[feature_fraction: 1]
[feature_fraction_bynode: 1]
[feature_fraction_seed: 2]
[extra_trees: 0]
[extra_seed: 6]
[early_stopping_round: 0]
[first_metric_only: 0]
[max_delta_step: 0]
[lambda_l1: 0]
[lambda_l2: 0]
[linear_lambda: 0]
[min_gain_to_split: 0]
[drop_rate: 0.1]
[max_drop: 50]
[skip_drop: 0.5]
[xgboost_dart_mode: 0]
[uniform_drop: 0]
[drop_seed: 4]
[top_rate: 0.2]
[other_rate: 0.1]
[min_data_per_group: 100]
[max_cat_threshold: 32]
[cat_l2: 10]
[cat_smooth: 10]
[max_cat_to_onehot: 4]
[top_k: 20]
[monotone_constraints: ]
[monotone_constraints_method: basic]
[monotone_penalty: 0]
[feature_contri: ]
[forcedsplits_filename: ]
[refit_decay_rate: 0.9]
[cegb_tradeoff: 1]
[cegb_penalty_split: 0]
[cegb_penalty_feature_lazy: ]
[cegb_penalty_feature_coupled: ]
[path_smooth: 0]
[interaction_constraints: ]
[verbosity: 1]
[saved_feature_importance_type: 0]
[linear_tree: 0]
[max_bin: 255]
[max_bin_by_feature: ]
[min_data_in_bin: 3]
[bin_construct_sample_cnt: 200000]
[data_random_seed: 1]
[is_enable_sparse: 1]
[enable_bundle: 1]
[use_missing: 1]
[zero_as_missing: 0]
[feature_pre_filter: 1]
[pre_partition: 0]
[two_round: 0]
[header: 0]
[label_column: ]
[weight_column: ]
[group_column: ]
[ignore_column: ]
[categorical_feature: ]
[forcedbins_filename: ]
[precise_float_parser: 0]
[objective_seed: 5]
[num_class: 1]
[is_unbalance: 0]
[scale_pos_weight: 1]
[sigmoid: 1]
[boost_from_average: 1]
[reg_sqrt: 0]
[alpha: 0.9]
[fair_c: 1]
[poisson_max_delta_step: 0.7]
[tweedie_variance_power: 1.5]
[lambdarank_truncation_level: 30]
[lambdarank_norm: 1]
[label_gain: ]
[eval_at: ]
[multi_error_top_k: 1]
[auc_mu_weights: ]
[num_machines: 1]
[local_listen_port: 12400]
[time_out: 120]
[machine_list_filename: ]
[machines: ]
[gpu_platform_id: -1]
[gpu_device_id: -1]
[gpu_use_dp: 0]
[num_gpu: 1]

end of parameters

pandas_categorical:[]
